Star_na             [Fe/H]        Vphi        err_vphi      [C/Fe]

51909-0270-634     -2.01000     -7.77000      61.9500     0.637000
51941-0290-422     -2.47900      157.350      58.5900      2.41700
51986-0294-263     -2.05600      267.570      125.890     0.343000
51942-0301-598     -2.25000      282.720      64.7900     0.247000
51615-0303-342     -2.10700     -107.360      121.770     0.222000
51957-0304-200     -2.47000     -75.5000      133.830     0.440000
51957-0304-202     -2.03900      197.480      87.2800     0.246000
51994-0309-410     -2.21200      53.8400      56.6200     0.457000
51665-0311-288     -2.38500     0.520000      105.430     0.360000
51666-0324-148     -2.21700     -32.9000      69.5800     0.488000
52282-0328-414     -2.49900      48.3400      83.9900     0.917000
52368-0331-628     -2.41600     -219.300      116.350     0.752000
52367-0332-416     -2.31300      27.7300      79.8200      1.77900
51694-0338-241     -2.05800      121.100      56.1400     0.487000
51692-0339-301     -2.32500      58.4500      87.3900     0.701000
51696-0348-221     -2.03300     -73.8100      95.1000      1.54300
51699-0349-254     -2.17500      17.2200      72.0900     0.843000
51821-0384-552     -2.07300     -41.9400      74.2100     0.584000
51788-0386-045     -2.02500     -128.600      110.230     0.156000
51794-0393-447     -2.36100      106.270      65.4000     0.677000
51794-0397-379     -2.02500     -54.0300      91.1700     0.275000
51820-0400-247     -2.71700      42.6700      70.7500     0.629000
51793-0402-389     -2.08100     -25.9400      72.6500     0.449000
51816-0405-606     -2.00200      192.670      75.4500     0.302000
51821-0408-590     -2.25500      63.6600      133.940     0.340000
51879-0419-029     -2.57600     -9.93000      61.3300     0.960000
51871-0420-256     -2.03400     -307.560      140.960      2.17300
51882-0426-281     -2.08500      18.5300      48.6300     0.145000
51873-0433-044     -2.44800      172.470      124.830     0.584000
51877-0439-366     -2.25400     -107.490      102.180    -0.206000
51877-0447-395     -2.30700     -2.29000      82.5200     0.363000
51911-0452-453     -2.39800      89.9200      69.6600     0.868000
51915-0453-588     -2.13600     -90.5800      118.440     0.272000
51908-0454-510     -2.23100     -36.7100      58.6600     0.857000
51924-0459-449     -2.20000      43.9100      124.520     0.611000
51908-0463-263     -2.12100     -229.680      105.250      1.87100
51924-0471-613     -2.82900     -142.560      66.8700      2.18800
51965-0475-087     -2.00800      184.310      97.8300     0.311000
51965-0475-638     -2.08300      70.8600      28.5800     0.376000
51955-0492-639     -2.18500      143.610      66.3100     0.976000
51957-0493-110     -2.11300     -157.880      147.560   -0.0100000
52235-0501-214     -2.05600     -75.6500      64.1400     0.492000
52353-0507-006     -2.05400     -174.900      92.3600      2.28300
52312-0526-377     -2.03500      23.4200      67.0100     0.603000
51997-0534-267     -2.30000      35.3400      60.3200     0.187000
51999-0535-535     -2.32600      45.7500      103.070      2.07600
51993-0542-633     -2.08200     -115.850      88.5400     0.302000
51981-0549-381     -2.09100      11.2300      41.8500     0.173000
52266-0555-013     -2.00600     -110.440      93.8400     0.321000
51991-0556-415     -2.23900      24.6800      46.7300     0.355000
52295-0561-585     -2.21200      131.580      33.5400     0.285000
52325-0576-072     -2.39500     -76.5800      67.9100     0.438000
52368-0580-268     -2.06400     -97.8700      95.9900     0.524000
52045-0582-625     -2.59200      97.2100      34.7500      1.23400
52027-0585-068     -2.06700      9.96000      53.1900     0.798000
52059-0597-072     -2.08400     -227.430      62.6800     0.762000
52316-0601-356     -2.12800      23.0000      87.9200     0.589000
52316-0601-376     -2.01000     -31.2700      67.6400     0.485000
52079-0612-377     -2.08600     -156.470      119.440     0.336000
52345-0613-510     -2.07500      10.9600      66.1900      1.67600
52054-0622-097     -2.80100     -14.5500      50.7400      2.91000
52081-0638-214     -2.30100      256.120      167.600      1.76600
52149-0644-479     -2.09200      18.4400      95.6800      1.23700
52138-0652-629     -2.07900      114.190      99.1800     0.764000
52146-0654-011     -2.37600     -145.570      68.5300      2.27400
52199-0659-232     -2.19700      179.150      103.480     0.633000
52149-0666-415     -2.14200     -145.450      89.1100     0.629000
52178-0676-380     -2.06800     -65.0100      54.7800     0.938000
52524-0683-122     -2.17000      37.6100      12.1000    0.0600000
52523-0684-449     -2.07300      62.7500      113.220      1.24900
52201-0692-028     -2.14600      18.2900      53.0200     0.288000
52202-0695-414     -2.40200      6.31000      76.1600     0.818000
52209-0696-172     -2.16400      128.410      39.7600    0.0700000
52226-0697-493     -2.08100     -50.1300      120.460     0.154000
52199-0700-142     -2.68900      125.590      57.5900      1.08500
52203-0716-259     -2.01200     -130.650      90.9200     0.439000
52206-0718-192     -2.04900      184.420      99.5500     0.325000
52224-0722-407     -2.08400      7.83000      86.2600      1.33400
52254-0724-494     -2.18300     -254.320      92.8400      1.58000
52226-0726-412     -2.04400     -108.140      95.8900     0.520000
52466-0730-167     -2.53700     -233.750      35.9100      2.40400
52261-0741-234     -2.19100     -121.100      89.7000      1.78400
52233-0748-407     -2.06600      226.300      85.1300     0.311000
52247-0766-133     -2.22500      104.950      55.2200      1.85000
52252-0767-238     -2.22900      81.1200      37.6300    0.0850000
54530-0769-401     -2.10800    -0.700000      56.8200      1.69200
52282-0770-623     -2.56100     -147.970      71.1800     0.297000
52286-0774-171     -2.06500      47.8600      64.0100    0.0900000
52325-0783-039     -2.22200     -16.7600      58.8600     0.648000
52339-0785-390     -2.08300     -11.9300      62.5900     0.428000
52319-0786-543     -2.12000      172.970      83.0600     0.541000
52376-0794-414     -2.31400      18.9900      67.8600     0.676000
52401-0796-021     -2.71900     -133.170      95.5100      2.63600
52354-0813-446     -2.15400     -17.1200      32.2800     0.404000
52379-0816-525     -2.44800      119.540      49.0600      1.92800
52409-0819-237     -2.40400      2.84000      51.3800      1.97700
52409-0819-573     -2.08200     -148.730      55.7700     0.592000
52438-0820-342     -2.68900      3.93000      74.7200      2.78200
52312-0827-109     -2.18500     -103.690      122.830     0.248000
52316-0834-114     -2.41300     -3.64000      62.4200      2.16300
52326-0835-023     -2.17700     -49.9800      117.450     0.427000
52374-0840-415     -2.11000     -31.0700      61.9300     0.329000
52407-0846-547     -2.31200     -164.620      80.7500    0.0620000
52407-0846-638     -2.19800      82.7100      109.270     0.633000
52669-0848-529     -2.10900      95.5000      57.2400      1.85900
52314-0857-377     -2.26900      65.9800      43.8200      1.55800
52338-0874-054     -2.36300      127.270      107.110     0.588000
52669-0876-300     -2.19100     -167.180      99.1500     0.494000
52353-0877-247     -2.07100      93.1000      71.5600     0.523000
52353-0877-284     -2.36100      138.640      89.6300     0.549000
52367-0880-066     -2.31600     -133.320      92.7200      1.77200
52367-0880-099     -2.43300     -42.9600      91.3600     0.503000
52379-0885-034     -2.06800     -290.070      108.210      1.31800
52379-0885-078     -2.31900     -46.1200      69.7100     0.403000
52373-0907-637     -2.29300      91.3800      117.710     0.435000
52373-0908-039     -2.65500     -49.1700      82.0200      1.14200
52379-0909-493     -2.37900     -401.750      152.120      2.07200
52433-0913-051     -2.10200     -338.530      117.590     0.587000
52433-0913-073     -2.96100     -10.3100      69.2900      2.71100
52443-0915-033     -2.11300      57.9300      44.6500     0.463000
52404-0918-237     -2.09300     -403.330      127.770     0.883000
52409-0924-610     -2.00900     -2.42000      53.6700     0.259000
52577-0927-555     -2.64300      89.3100      101.330     0.393000
52636-0939-160     -2.21600      93.0300      31.7900     0.592000
52703-0942-505     -2.06200     -446.100      148.140      1.82200
52428-0948-583     -2.10200      164.960      26.6000     0.473000
52646-0964-344     -2.01100     -297.540      157.870     0.844000
52438-0965-191     -2.07100      43.1700      57.7300     0.547000
52636-0967-317     -2.17800     -96.2500      72.2500    -0.144000
52442-0969-607     -2.14000      201.160      50.8500     0.627000
52413-0970-391     -2.23800     -19.5900      121.020     0.639000
52435-0981-610     -2.16800     -70.0900      24.0700      1.72000
52466-0982-480     -2.16800     -452.710      71.8500      1.88100
52442-0984-332     -2.06800      138.160      17.9200     0.369000
52725-0994-569     -2.09900     -210.160      68.7000      1.84900
52707-1008-584     -2.54100     -32.5700      80.0000      2.35800
52649-1012-178     -2.02400     -345.240      131.500      1.80800
52707-1019-601     -2.11400     -16.7900      52.9800     0.984000
52721-1020-243     -2.43100     -172.060      92.0500     0.481000
52721-1020-598     -2.26200      66.5900      128.020     0.512000
52736-1048-443     -2.51600     -243.520      86.6900     0.266000
52721-1050-418     -2.00800      169.600      27.6200     0.258000
52468-1051-590     -2.00300     -249.080      117.330     0.611000
52520-1058-129     -2.27700     -153.170      96.9900      2.02700
52520-1058-351     -2.40300     -152.000      41.4400      2.07500
52520-1083-579     -2.65600      142.690      77.3600     0.381000
52974-1096-500     -2.51200      19.6400      49.8700     0.790000
52941-1152-618     -2.25400      61.4700      48.3700   0.00400000
52669-1163-409     -2.07200      54.7200      23.0900     0.281000
52703-1165-529     -2.02800      58.7900      46.9300      1.71800
52724-1195-298     -2.05600      153.080      17.6800    0.0580000
52668-1200-595     -2.43400     -120.650      87.4900      1.91700
52670-1206-491     -2.25400      135.250      81.6100     0.495000
52972-1213-507     -3.05800     -300.420      117.060      2.99700
52672-1230-220     -2.46800      50.0300      61.1100     0.822000
52761-1238-060     -2.27400      76.7800      58.1600     0.657000
52734-1240-334     -2.10100      189.940      124.710     0.978000
53770-1245-027     -2.03000     -144.260      69.7400     0.638000
52709-1266-123     -2.23400      53.9200      28.8600     0.432000
52932-1267-375     -2.06100     -63.9000      100.000     0.311000
52989-1272-152     -2.60500     -440.740      137.410      2.09600
52765-1277-497     -2.34600      139.310      95.2700      1.20400
52759-1282-461     -2.01500     -37.5900      50.0100     0.436000
52753-1294-568     -2.12500     -55.6900      55.8000      2.08300
52976-1301-108     -2.28300      8.15000      13.9900    0.0330000
52765-1311-122     -2.43100      164.040      92.5100     0.332000
52790-1316-622     -2.04200      67.1500      29.9100    0.0600000
52797-1323-076     -2.11400      111.610      80.0900     0.364000
52786-1328-538     -2.08200      127.640      72.8500      1.33200
52822-1330-086     -2.37900     -56.4400      107.830     0.760000
52781-1332-233     -2.13500     -18.2200      68.7300     0.613000
53084-1348-310     -2.15500      64.1200      129.380      1.51100
53083-1353-039     -2.24900      106.000      17.2300     0.552000
52814-1354-191     -2.74700      9.71000      50.8900      1.68200
53034-1357-557     -2.23300     -36.7800      58.9800   -0.0170000
53047-1361-261     -2.09600     -33.5000      56.3700     0.282000
53063-1366-495     -2.12300     -27.9800      47.6600   -0.0740000
53084-1368-399     -2.15000      78.6200      26.4400     0.123000
53050-1377-558     -2.15200     -110.730      81.4300     0.433000
53061-1378-548     -2.05700      157.970      76.8800      1.65200
53116-1383-497     -2.03900      56.2000      44.6600     0.378000
53142-1390-614     -2.21000     -266.090      73.0500     0.460000
53108-1394-297     -2.74000     -292.510      114.540      2.10600
53119-1397-284     -2.00600     -168.340      104.110      1.56400
53144-1401-077     -2.15100     -27.3400      54.0300      1.46100
53227-1403-409     -2.21500     -138.420      80.4300     0.703000
52876-1406-390     -2.30700     -188.990      102.070      1.98700
53146-1420-286     -2.41900     -164.730      77.6000   -0.0630000
53146-1420-617     -2.46500     -54.7900      51.5700      1.82500
52990-1429-278     -2.06900     -111.310      124.520     0.310000
52996-1435-557     -2.02800     -78.0000      73.0900     0.424000
53054-1436-587     -2.14600      87.3100      93.0200     0.536000
53083-1441-165     -2.00800      7.64000      112.260     0.522000
53062-1445-476     -2.04700      62.2500      66.8000     0.539000
53120-1447-278     -2.06500      285.040      129.160     0.447000
53120-1448-486     -2.23400      207.430      122.530     0.484000
53115-1456-169     -2.10900      41.8200      38.9500     0.311000
53119-1458-118     -2.11400     -325.540      100.590     0.201000
53117-1459-366     -2.14200      124.050      82.0400    0.0180000
53091-1464-260     -2.25400     -278.160      107.090      1.70100
52991-1593-628     -2.18100     -121.070      70.3400      1.05600
52998-1596-265     -2.12600     -77.3300      63.5900     0.383000
53089-1599-041     -2.02900      67.5800      121.310   -0.0760000
53115-1601-372     -2.23400     -275.130      98.5800      1.48400
53119-1603-290     -2.05500      65.5800      54.9800     0.971000
53083-1607-516     -2.21900     -32.7700      55.9600     0.223000
53142-1609-178     -2.14900      110.200      38.6700    0.0930000
53115-1613-508     -2.07500     -133.710      157.470     0.325000
53385-1622-405     -2.15400      68.5700      96.9300     0.250000
53474-1628-470     -2.07500      159.620      56.0900     0.171000
53474-1628-576     -2.21300     -101.440      105.840     0.160000
53475-1690-526     -2.14000     -138.440      64.7000     0.453000
53446-1693-244     -2.51700     -305.460      92.9300     0.767000
53472-1694-627     -2.06600     -171.990      100.920   -0.0600000
53473-1695-072     -2.02900      45.9900      50.7800     0.279000
53146-1698-508     -2.05900     -94.2100      76.0200     0.756000
53503-1708-029     -2.16900      20.5700      122.010    0.0400000
53503-1708-618     -2.22500      32.4500      60.1800      1.97500
53533-1709-124     -2.09800     -210.560      155.630      1.14500
53876-1719-382     -2.38500      288.750      46.7800     0.196000
53905-1723-098     -2.11700      95.5400      30.2300     0.266000
53859-1724-432     -2.16500      121.490      45.5500     0.422000
53052-1736-010     -2.00400     -79.0600      64.2300     0.369000
53051-1738-542     -2.10200      53.7700      39.9300     0.219000
53050-1739-203     -2.34100     -1.66000      86.1300     0.753000
53050-1740-542     -2.19700     -38.4600      147.390     0.333000
53055-1744-573     -2.02200     -283.490      138.930      1.18300
53112-1748-221     -2.19100      146.660      37.8100     0.586000
53377-1751-154     -2.02400      158.970      42.7700     0.830000
53377-1751-301     -2.04400     -183.610      91.8400     0.415000
53377-1751-453     -2.09400     -98.1600      101.330     0.415000
53386-1755-021     -2.24000      109.430      26.0600     0.222000
53376-1761-128     -2.03800      20.8100      39.9300     0.291000
53759-1774-589     -2.10500      112.860      105.900     0.336000
53858-1776-155     -2.17700    -0.310000      91.3000     0.927000
54439-1785-381     -2.50600      51.3600      55.9700     0.756000
54266-1791-539     -2.33100      20.8300      50.8800      2.01900
54270-1792-116     -2.13800     -57.2400      65.0800      1.73200
53851-1798-516     -2.41000     -126.600      107.070      2.16000
53886-1804-085     -2.61000      78.2400      69.6600      2.39400
53886-1804-365     -2.49500     -196.950      103.150      2.08700
54539-1818-516     -2.42800      86.5100      36.8600     0.480000
53504-1825-342     -2.17700      255.890      93.2100     0.168000
53786-1850-582     -2.04100      50.2000      50.1700      1.51500
53566-1853-604     -2.01400      113.250      88.0500     0.143000
53386-1872-299     -2.05500      8.18000      44.6000    -0.195000
54453-1875-027     -2.10800      18.9900      28.4700     0.558000
53432-1946-247     -2.65000      136.740      31.3600      2.23500
53433-1949-131     -2.22600      62.8200      36.5500     0.301000
53415-1957-018     -2.23600     -69.9800      79.4500     0.671000
53734-1975-228     -2.09200      10.6200      76.6800     0.521000
53433-1984-631     -2.49400      77.4500      75.0400     0.608000
53845-1994-629     -2.00100      128.040      70.7900    -0.524000
53495-2010-195     -2.11900      56.8000      77.8400      1.81700
53499-2011-143     -2.31300      40.9900      120.110      1.37800
53800-2018-591     -2.13500     -9.57000      61.9000     0.112000
53431-2025-596     -2.07600      100.250      98.9600     0.275000
53433-2027-155     -2.00400      122.310      82.8500     0.262000
53819-2029-078     -2.24200      87.2200      72.9700      1.73000
53738-2067-483     -2.57800     -31.1100      57.4000     0.795000
53357-2081-506     -2.00600     -17.5600      92.9800     0.530000
53415-2087-420     -2.22300     -437.760      149.000      2.60900
53493-2088-447     -2.00600      133.850      130.160     0.507000
53474-2095-313     -2.19800      66.2100      38.1500   -0.0520000
53446-2096-260     -2.06400     -5.14000      48.7900     0.225000
53467-2103-479     -2.08600     -143.730      87.8600     0.503000
53820-2118-323     -2.05900      47.3700      85.5300      1.07500
53859-2127-105     -2.01100      101.510      40.0000     0.208000
53494-2136-410     -2.04100      77.7600      77.9100     0.291000
54208-2142-630     -2.11900      99.1300      24.5800     0.197000
54526-2148-632     -2.23200     -232.600      105.190     0.921000
54525-2156-021     -2.29900     -199.180      84.5000     0.640000
54207-2162-324     -2.26900     -206.330      92.5400     0.647000
53823-2163-137     -2.00900     -156.120      73.9500     0.718000
54232-2166-114     -2.24000     -6.31000      66.1800   -0.0450000
54232-2166-615     -2.38400      27.9100      70.1300      1.24400
53889-2167-368     -2.27600     -275.350      92.9900      1.40200
54595-2188-355     -2.31800     -6.05000      51.6400      1.47000
53556-2199-206     -2.06200      100.480      45.8200     0.257000
53875-2200-240     -2.05000      233.260      85.6000     0.801000
53875-2200-361     -2.05800      71.3800      74.0400     0.680000
53566-2202-537     -2.83600     -305.680      77.6300      2.73700
53793-2205-018     -2.03000     -50.0100      56.6200     0.386000
53793-2205-324     -2.20700      120.890      14.6500    -0.224000
53907-2209-540     -2.30200      195.170      20.6100     0.328000
53794-2214-070     -2.19600     -181.710      83.1300     0.595000
53816-2219-047     -2.50000     -110.660      82.7200      2.21500
53795-2220-354     -2.02400      100.980      100.860      1.10300
53815-2224-012     -2.31300     -303.280      118.070      1.89000
53816-2231-571     -2.21100      14.7900      88.9900     0.345000
53816-2231-636     -2.21700     -248.690      103.350      2.05700
53828-2237-185     -2.24200      123.910      67.3200     0.555000
53726-2239-640     -2.04800      129.580      50.2200      1.59500
53767-2246-238     -2.16100     -98.2900      81.1500     0.640000
53679-2266-202     -2.07700     -246.620      155.110     0.838000
53713-2267-549     -2.29600     -125.220      131.400     0.517000
53683-2282-371     -2.07500      7.79000      116.870    0.0170000
53742-2342-234     -2.55100     -303.140      127.980      2.30100
53734-2349-483     -2.22700      15.4400      62.0700     0.548000
53793-2357-043     -2.49500     -24.0600      95.3100      1.44900
53765-2374-215     -2.24700      38.9200      79.7000     0.480000
54096-2422-590     -2.50700     -111.900      76.8600      2.05000
53848-2437-060     -2.17200     -57.1100      77.0500     0.187000
53795-2439-640     -2.18300      75.3500      73.0400     0.327000
54086-2481-357     -2.10100     -7.77000      43.7400      1.27300
53852-2483-409     -2.47300      83.9600      60.5200      1.79200
53876-2486-095     -2.22300     -195.900      100.880     0.300000
54178-2492-247     -2.00100     -343.460      132.180     0.535000
54169-2498-058     -2.11000     -44.8800      44.6100     0.360000
54180-2502-194     -2.86000      207.620      48.3700      2.35100
53876-2507-231     -2.13500     -202.030      133.100      1.65100
54141-2513-478     -2.33300     -173.180      101.590      1.99500
54180-2515-286     -2.05400      93.4300      45.4600    -0.316000
54241-2516-058     -2.62900     -220.460      86.4100      2.17200
54567-2517-305     -2.72300     -87.3500      103.900      2.47300
54569-2525-011     -2.12200      188.550      12.3200     0.571000
54174-2589-055     -2.06800     -205.850      72.4100      1.73200
54484-2605-446     -2.24300     -169.460      136.740      1.84500
54476-2610-242     -2.11400      190.830      36.5700      1.86400
54477-2611-250     -2.47600     -113.970      129.810   -0.0890000
54110-2634-566     -2.22600      211.300      114.260     0.435000
54230-2641-446     -2.40900      192.290      108.810     0.977000
54495-2647-241     -2.14600      148.880      37.1600     0.279000
54484-2656-431     -2.01900      94.1600      133.790      1.73800
54502-2657-520     -2.04900     -68.9700      72.7200    0.0880000
54502-2658-035     -2.15900      4.36000      115.030     0.580000
54234-2663-321     -2.15800     -190.960      87.0500     0.691000
54232-2665-528     -2.07100     -233.430      155.400      1.08500
54211-2690-091     -2.05700     -391.460      57.2600      1.76900
54234-2753-512     -2.00300     -403.510      121.550      1.75300
54508-2756-606     -2.03000     -14.6600      64.0700      1.71500
54535-2764-083     -2.00600      88.8600      105.450     0.612000
54534-2774-207     -2.00900     -91.8600      147.140     0.705000
54535-2775-159     -2.13200      253.900      127.150    -0.118000
54539-2778-161     -2.16200      15.4900      101.570     0.588000
54557-2780-261     -2.15000     -41.3800      46.0200     0.185000
54555-2789-061     -2.16300     -81.5800      106.350     0.221000
54485-2851-034     -2.26500     -287.360      138.610      1.70600
54478-2866-059     -2.44600      181.630      50.5000     0.397000
54509-2880-532     -2.89200     -2.63000      89.6600      2.27800
54577-2906-466     -2.34900      49.3500      65.3200      2.81600
54554-2918-336     -2.00100     -5.78000      55.6000     0.372000
54557-2949-052     -2.05000     -291.360      82.1000      1.28500
54560-2953-467     -2.11200     -44.9000      125.600     0.939000
